1780240415367 0.10654 0
1780241382904 0.14183 1
1780242370865 0.15607 2
1780243347485 0.1703 3
1780244335205 0.19545 4
1780245309150 0.21879 5
1780246286317 0.22211 6
1780247269282 0.23721 7
1780248229339 0.24343 8
1780249191063 0.24951 9
1780250170468 0.26705 10
1780251164809 0.27413 11
1780252146801 0.27991 12
1780253133420 0.296 13
1780254120252 0.28659 14
1780255118032 0.30451 15
1780256104437 0.31112 16
1780257118371 0.32618 17
1780258131767 0.33767 18
1780259142443 0.34332 19
1780260172915 0.32959 20
1780261208632 0.34655 21
1780262289450 0.35691 22
1780263341597 0.35953 23
1780264369014 0.37858 24
1780265372236 0.37571 25
1780266405043 0.39329 26
1780267441885 0.39979 27
1780268450763 0.40154 28
1780269483147 0.40694 29
1780270481805 0.42102 30
1780271501113 0.4291 31
1780272530385 0.43389 32
1780273547535 0.44378 33
1780274540334 0.44603 34
1780275549157 0.45222 35
1780276558844 0.44867 36
1780277566424 0.45742 37
1780278565676 0.46536 38
1780279581716 0.46957 39
1780280607508 0.45924 40
1780281629746 0.47352 41
1780282647785 0.50274 42
1780283654954 0.50148 43
1780284657388 0.52452 44
1780285673442 0.52073 45
1780286667326 0.52877 46
1780287672346 0.53157 47
1780288688691 0.53625 48
1780289721097 0.53697 49
1780289943937 0.5371604092207849 50
