1780240415367 0.12456 0
1780241382904 0.17282 1
1780242370865 0.19343 2
1780243347485 0.21351 3
1780244335205 0.2405 4
1780245309150 0.26728 5
1780246286317 0.27246 6
1780247269282 0.29399 7
1780248229339 0.29913 8
1780249191063 0.30823 9
1780250170468 0.3278 10
1780251164809 0.33552 11
1780252146801 0.34006 12
1780253133420 0.36106 13
1780254120252 0.35401 14
1780255118032 0.37235 15
1780256104437 0.38526 16
1780257118371 0.39894 17
1780258131767 0.41473 18
1780259142443 0.41647 19
1780260172915 0.40712 20
1780261208632 0.42673 21
1780262289450 0.43484 22
1780263341597 0.43513 23
1780264369014 0.45898 24
1780265372236 0.45371 25
1780266405043 0.4763 26
1780267441885 0.47748 27
1780268450763 0.48216 28
1780269483147 0.48296 29
1780270481805 0.50685 30
1780271501113 0.51383 31
1780272530385 0.51746 32
1780273547535 0.52796 33
1780274540334 0.52804 34
1780275549157 0.53506 35
1780276558844 0.53424 36
1780277566424 0.54212 37
1780278565676 0.54991 38
1780279581716 0.55362 39
1780280607508 0.54475 40
1780281629746 0.56131 41
1780282647785 0.59135 42
1780283654954 0.58818 43
1780284657388 0.60885 44
1780285673442 0.6076 45
1780286667326 0.61535 46
1780287672346 0.61846 47
1780288688691 0.62141 48
1780289721097 0.62217 49
1780289943937 0.6223276021850539 50
