1780240415367 0.70669 0
1780241382904 0.61119 1
1780242370865 0.57583 2
1780243347485 0.43885 3
1780244335205 0.47504 4
1780245309150 0.58659 5
1780246286317 0.52602 6
1780247269282 0.57371 7
1780248229339 0.59901 8
1780249191063 0.60679 9
1780250170468 0.53489 10
1780251164809 0.55239 11
1780252146801 0.5561 12
1780253133420 0.55129 13
1780254120252 0.56317 14
1780255118032 0.59073 15
1780256104437 0.60578 16
1780257118371 0.62658 17
1780258131767 0.5622 18
1780259142443 0.59703 19
1780260172915 0.601 20
1780261208632 0.6427 21
1780262289450 0.65594 22
1780263341597 0.65467 23
1780264369014 0.68469 24
1780265372236 0.63869 25
1780266405043 0.66875 26
1780267441885 0.70477 27
1780268450763 0.72745 28
1780269483147 0.74877 29
1780270481805 0.73737 30
1780271501113 0.68897 31
1780272530385 0.73906 32
1780273547535 0.74872 33
1780274540334 0.78177 34
1780275549157 0.73759 35
1780276558844 0.80414 36
1780277566424 0.78786 37
1780278565676 0.77499 38
1780279581716 0.76533 39
1780280607508 0.72572 40
1780281629746 0.77014 41
1780282647785 0.73578 42
1780283654954 0.74665 43
1780284657388 0.79546 44
1780285673442 0.77903 45
1780286667326 0.75243 46
1780287672346 0.76117 47
1780288688691 0.78164 48
1780289721097 0.78695 49
1780289943937 0.7858254296181981 50
