1780240415367 0.14699 0
1780241382904 0.17049 1
1780242370865 0.2058 2
1780243347485 0.24402 3
1780244335205 0.25901 4
1780245309150 0.27368 5
1780246286317 0.28731 6
1780247269282 0.30255 7
1780248229339 0.31325 8
1780249191063 0.2984 9
1780250170468 0.34289 10
1780251164809 0.33782 11
1780252146801 0.3527 12
1780253133420 0.35566 13
1780254120252 0.34201 14
1780255118032 0.35898 15
1780256104437 0.37095 16
1780257118371 0.37568 17
1780258131767 0.42772 18
1780259142443 0.40999 19
1780260172915 0.41682 20
1780261208632 0.43375 21
1780262289450 0.41763 22
1780263341597 0.45011 23
1780264369014 0.43425 24
1780265372236 0.44278 25
1780266405043 0.44301 26
1780267441885 0.4522 27
1780268450763 0.45468 28
1780269483147 0.45481 29
1780270481805 0.46482 30
1780271501113 0.4991 31
1780272530385 0.49044 32
1780273547535 0.47303 33
1780274540334 0.48893 34
1780275549157 0.48708 35
1780276558844 0.48012 36
1780277566424 0.48637 37
1780278565676 0.49739 38
1780279581716 0.51396 39
1780280607508 0.51952 40
1780281629746 0.50532 41
1780282647785 0.53992 42
1780283654954 0.5433 43
1780284657388 0.51714 44
1780285673442 0.52989 45
1780286667326 0.54766 46
1780287672346 0.55527 47
1780288688691 0.5473 48
1780289721097 0.5466 49
1780289943937 0.5473099544453982 50
