1780240192311 1.0675 0
1780241156197 0.90037 1
1780242137745 0.85451 2
1780243120162 0.83512 3
1780244107251 0.81011 4
1780245083692 0.79113 5
1780246059918 0.78136 6
1780247043217 0.7635 7
1780248010367 0.74727 8
1780248966717 0.73525 9
1780249944984 0.73213 10
1780250934746 0.72596 11
1780251916880 0.71386 12
1780252905797 0.70965 13
1780253890459 0.70371 14
1780254889846 0.69734 15
1780255871457 0.68965 16
1780256887511 0.6814 17
1780257890346 0.68004 18
1780258913718 0.67539 19
1780259939594 0.6659 20
1780260970193 0.66358 21
1780262044587 0.6602 22
1780263103849 0.64787 23
1780264131636 0.6496 24
1780265144254 0.64208 25
1780266154270 0.6357 26
1780267193946 0.63748 27
1780268219780 0.63367 28
1780269250260 0.62335 29
1780270250010 0.62326 30
1780271266386 0.62124 31
1780272287090 0.61642 32
1780273302582 0.60889 33
1780274298744 0.60702 34
1780275300305 0.60544 35
1780276319739 0.60057 36
1780277321310 0.59356 37
1780278320247 0.58995 38
1780279335174 0.5919 39
1780280357745 0.5201 40
1780281388204 0.50001 41
1780282413349 0.49079 42
1780283414559 0.48526 43
1780284415089 0.48423 44
1780285434038 0.47556 45
1780286429668 0.47458 46
1780287444450 0.46724 47
1780288445722 0.46848 48
1780289472030 0.46266 49
