1780240192311 3.36523 0
1780241156197 1.57576 1
1780242137745 1.36213 2
1780243120162 1.27161 3
1780244107251 1.1947 4
1780245083692 1.1362 5
1780246059918 1.09797 6
1780247043217 1.06467 7
1780248010367 1.02066 8
1780248966717 0.99333 9
1780249944984 0.98347 10
1780250934746 0.96819 11
1780251916880 0.94228 12
1780252905797 0.93295 13
1780253890459 0.90776 14
1780254889846 0.90449 15
1780255871457 0.89608 16
1780256887511 0.88035 17
1780257890346 0.86555 18
1780258913718 0.85298 19
1780259939594 0.84365 20
1780260970193 0.83368 21
1780262044587 0.81856 22
1780263103849 0.80868 23
1780264131636 0.8046 24
1780265144254 0.80058 25
1780266154270 0.78791 26
1780267193946 0.77573 27
1780268219780 0.77462 28
1780269250260 0.75899 29
1780270250010 0.75169 30
1780271266386 0.75274 31
1780272287090 0.73722 32
1780273302582 0.73536 33
1780274298744 0.73101 34
1780275300305 0.7226 35
1780276319739 0.71365 36
1780277321310 0.70074 37
1780278320247 0.70132 38
1780279335174 0.6968 39
1780280357745 0.60103 40
1780281388204 0.55953 41
1780282413349 0.54999 42
1780283414559 0.5375 43
1780284415089 0.53174 44
1780285434038 0.5274 45
1780286429668 0.51455 46
1780287444450 0.51055 47
1780288445722 0.50615 48
1780289472030 0.49915 49
