1780240192311 1.15683 0
1780241156197 1.09404 1
1780242137745 1.07229 2
1780243120162 1.06291 3
1780244107251 1.05213 4
1780245083692 1.03851 5
1780246059918 1.033 6
1780247043217 1.02566 7
1780248010367 1.01632 8
1780248966717 1.01006 9
1780249944984 1.01078 10
1780250934746 1.00469 11
1780251916880 1.00235 12
1780252905797 0.99866 13
1780253890459 0.99992 14
1780254889846 0.99143 15
1780255871457 0.99074 16
1780256887511 0.9874 17
1780257890346 0.98332 18
1780258913718 0.98299 19
1780259939594 0.98064 20
1780260970193 0.97957 21
1780262044587 0.97239 22
1780263103849 0.97227 23
1780264131636 0.97271 24
1780265144254 0.96679 25
1780266154270 0.96719 26
1780267193946 0.96671 27
1780268219780 0.96223 28
1780269250260 0.96178 29
1780270250010 0.96132 30
1780271266386 0.9591 31
1780272287090 0.95783 32
1780273302582 0.95348 33
1780274298744 0.95369 34
1780275300305 0.95197 35
1780276319739 0.95168 36
1780277321310 0.94802 37
1780278320247 0.94593 38
1780279335174 0.94628 39
1780280357745 0.88745 40
1780281388204 0.87995 41
1780282413349 0.87742 42
1780283414559 0.87464 43
1780284415089 0.87372 44
1780285434038 0.86997 45
1780286429668 0.87119 46
1780287444450 0.86593 47
1780288445722 0.86755 48
1780289472030 0.86501 49
