1780240192311 9.23598233995585e-05 0
1780241156197 0.00018136296556291387 1
1780242137745 0.00026669650772626925 2
1780243120162 0.00026148679999999996 3
1780244107251 0.0002559824 4
1780245083692 0.000250478 5
1780246059918 0.0002449736 6
1780247043217 0.00023946919999999998 7
1780248010367 0.0002339648 8
1780248966717 0.00022846040000000002 9
1780249944984 0.00022295599999999998 10
1780250934746 0.00021745159999999998 11
1780251916880 0.00021194719999999997 12
1780252905797 0.0002064428 13
1780253890459 0.00020093839999999998 14
1780254889846 0.00019543399999999997 15
1780255871457 0.00018992959999999996 16
1780256887511 0.00018442519999999996 17
1780257890346 0.0001789208 18
1780258913718 0.0001734164 19
1780259939594 0.000167912 20
1780260970193 0.0001624076 21
1780262044587 0.0001569032 22
1780263103849 0.00015139880000000002 23
1780264131636 0.0001458944 24
1780265144254 0.00014039 25
1780266154270 0.00013488559999999997 26
1780267193946 0.0001293812 27
1780268219780 0.00012387679999999998 28
1780269250260 0.00011837240000000001 29
1780270250010 0.000112868 30
1780271266386 0.00010736359999999998 31
1780272287090 0.00010185919999999999 32
1780273302582 9.635479999999998e-05 33
1780274298744 9.085039999999999e-05 34
1780275300305 8.5346e-05 35
1780276319739 7.98416e-05 36
1780277321310 7.43372e-05 37
1780278320247 6.88328e-05 38
1780279335174 6.332839999999999e-05 39
1780280357745 5.782399999999999e-05 40
1780281388204 5.231960000000001e-05 41
1780282413349 4.681520000000001e-05 42
1780283414559 4.13108e-05 43
1780284415089 3.5806399999999997e-05 44
1780285434038 3.030199999999999e-05 45
1780286429668 2.4797599999999988e-05 46
1780287444450 1.929320000000001e-05 47
1780288445722 1.378880000000001e-05 48
1780289472030 8.284400000000005e-06 49
